function data = beam
data = [-1,0; -0.01,0;-0.01,0.5;0.01,0.5;0.01,0;2,0;2,1;-1,1];