function data = damBreak
data = [0, 0; 95, 0; 95, 95; 100, 95; 100, 0; 200, 0; 200, 200; 100, 200; 100, 170; 95, 170; 95, 200; 0, 200];