function data = door

data = [-1 0; -0.005 0; -0.005 0.5; 0.005 0.5; 0.005 0; 2 0; 2 1; -1 1];
data(:,2) = data(:,2) - 0.25;