function data = fiser

% x = [0     0     2.616 2.616    2.464      2.464  3.3530  3.3530  3.2
% 3.2    ];
%                                
% y = [4.826 4.242 4.242 0.889    0.889        0      0     0.889   0.889    4.826     ];

x = [0                 0             126-21.5         126-21.5   126-21.5+4.25  126-21.5+4.25    126-21.5/2-35/2    126-21.5/2-35/2   126-21.5/2+35/2  126-21.5/2+35/2    126-4.25   126-4.25    126     126 ]*0.0254;                                          
y = [35+155+0.5    35+155+0.5-23    35+155+0.5-23      35+0.5    35+0.5         35                35                0                 0                35                 35         35+0.5      35.5    35.5+155 ]*0.0254;

data = [x' y'];
% save 'fiser' data

%[2.464 0] [0.889 0.889] 
