function data = ogamm
data = [0 0; 1 0; 1.5 0.1; 2 0; 3 0; 3 1; 0 1];