#Sat Dec 08 16:11:54 CET 2018
machInf=0.6749248619214001
l=1.0
uInf=0.7645153826405796
v=1.0
rho=1.0
rhoInf=0.8041441741059204
t=1.0
p=1.0
