#Sat Aug 04 00:16:18 CEST 2018
l=1.0
v=0.8451542547285166
rho=1.4
t=1.1832159566199232
p=1.0
